2018, 10, 9, 10, 10, 20, 26.6, 130.0, 0.0, 190.0
2018, 10, 9, 10, 10, 40, 26.6, 130.0, 0.0, 190.0
2018, 10, 9, 10, 11, 0, 26.6, 130.0, 0.0, 190.0
2018, 10, 9, 10, 11, 20, 26.6, 130.0, 0.0, 190.0
2018, 10, 9, 10, 11, 40, 26.6, 130.0, 0.0, 190.0
2018, 10, 9, 10, 12, 0, 26.6, 130.0, 0.0, 190.0
2018, 10, 9, 10, 12, 20, 26.6, 130.0, 0.0, 190.0
2018, 10, 9, 10, 12, 40, 26.6, 130.0, 0.0, 190.0
2018, 10, 9, 10, 13, 0, 26.6, 130.0, 0.0, 190.0
2018, 10, 9, 10, 13, 20, 26.6, 130.0, 0.0, 190.0
2018, 10, 9, 10, 13, 40, 26.6, 130.0, 0.0, 190.0
2018, 10, 9, 10, 14, 0, 26.6, 130.0, 0.0, 190.0
2018, 10, 9, 10, 14, 20, 26.6, 130.0, 0.0, 190.0
2018, 10, 9, 10, 14, 40, 26.6, 130.0, 0.0, 190.0
2018, 10, 9, 10, 15, 0, 26.6, 130.0, 0.0, 190.0
2018, 10, 9, 10, 15, 20, 26.6, 130.0, 0.0, 190.0
2018, 10, 9, 10, 15, 40, 26.6, 130.0, 0.0, 190.0
2018, 10, 9, 10, 16, 0, 26.6, 130.0, 0.0, 190.0
2018, 10, 9, 10, 16, 20, 26.6, 130.0, 0.0, 190.0
2018, 10, 9, 10, 16, 40, 26.6, 130.0, 0.0, 190.0
2018, 10, 9, 10, 17, 0, 26.6, 130.0, 0.0, 190.0
2018, 10, 9, 10, 17, 20, 26.6, 130.0, 0.0, 190.0
2018, 10, 9, 10, 17, 40, 26.6, 130.0, 0.0, 190.0
2018, 10, 9, 10, 18, 0, 26.6, 130.0, 0.0, 190.0
2018, 10, 9, 10, 18, 20, 26.6, 130.0, 0.0, 190.0
2018, 10, 9, 10, 18, 40, 26.6, 130.0, 0.0, 190.0
2018, 10, 9, 10, 19, 0, 26.6, 130.0, 0.0, 190.0
2018, 10, 9, 10, 19, 20, 26.6, 130.0, 0.0, 190.0
2018, 10, 9, 10, 19, 40, 26.6, 130.0, 0.0, 190.0
2018, 10, 9, 10, 20, 0, 26.6, 130.0, 0.0, 190.0
2018, 10, 9, 10, 20, 20, 26.6, 130.0, 0.0, 190.0
2018, 10, 9, 10, 20, 40, 26.6, 130.0, 0.0, 190.0
2018, 10, 9, 10, 21, 0, 26.6, 130.0, 0.0, 190.0
2018, 10, 9, 10, 21, 20, 26.6, 130.0, 0.0, 190.0
2018, 10, 9, 10, 21, 40, 26.6, 130.0, 0.0, 190.0
2018, 10, 9, 10, 22, 0, 26.6, 130.0, 0.0, 190.0
2018, 10, 9, 10, 22, 20, 26.6, 130.0, 0.0, 190.0
2018, 10, 9, 10, 22, 40, 26.6, 130.0, 0.0, 190.0
2018, 10, 9, 10, 23, 0, 26.6, 130.0, 0.0, 190.0
2018, 10, 9, 10, 23, 20, 26.6, 130.0, 0.0, 190.0
2018, 10, 9, 10, 23, 40, 26.6, 130.0, 0.0, 190.0
2018, 10, 9, 10, 24, 0, 26.6, 130.0, 0.0, 190.0
2018, 10, 9, 10, 24, 20, 26.6, 130.0, 0.0, 190.0
2018, 10, 9, 10, 24, 40, 26.6, 130.0, 0.0, 190.0
2018, 10, 9, 10, 25, 0, 26.6, 130.0, 0.0, 190.0
2018, 10, 9, 10, 25, 20, 26.6, 130.0, 0.0, 190.0
2018, 10, 9, 10, 25, 40, 26.6, 130.0, 0.0, 190.0
2018, 10, 9, 10, 26, 0, 26.6, 130.0, 0.0, 190.0
2018, 10, 9, 10, 26, 20, 26.6, 130.0, 0.0, 190.0
2018, 10, 9, 10, 26, 40, 26.6, 130.0, 0.0, 190.0
2018, 10, 9, 10, 27, 0, 26.6, 130.0, 0.0, 190.0
2018, 10, 9, 10, 27, 20, 26.6, 130.0, 0.0, 190.0
2018, 10, 9, 10, 27, 40, 26.6, 130.0, 0.0, 190.0
2018, 10, 9, 10, 28, 0, 26.6, 130.0, 0.0, 190.0
2018, 10, 9, 10, 28, 20, 26.6, 130.0, 0.0, 190.0
2018, 10, 9, 10, 28, 40, 26.6, 130.0, 0.0, 190.0
2018, 10, 9, 10, 29, 0, 26.6, 130.0, 0.0, 190.0
2018, 10, 9, 10, 29, 20, 26.6, 130.0, 0.0, 190.0
2018, 10, 9, 10, 29, 40, 26.6, 130.0, 0.0, 190.0
2018, 10, 9, 10, 30, 0, 26.6, 130.0, 0.0, 190.0
2018, 10, 9, 10, 30, 20, 26.6, 130.0, 0.0, 190.0
2018, 10, 9, 10, 30, 40, 26.6, 130.0, 0.0, 190.0
2018, 10, 9, 10, 31, 0, 26.6, 130.0, 0.0, 190.0
2018, 10, 9, 10, 31, 20, 26.6, 130.0, 0.0, 190.0
2018, 10, 9, 10, 31, 40, 26.6, 130.0, 0.0, 190.0
2018, 10, 9, 10, 32, 0, 26.6, 130.0, 0.0, 190.0
2018, 10, 9, 10, 32, 20, 26.6, 130.0, 0.0, 190.0
2018, 10, 9, 10, 32, 40, 26.6, 130.0, 0.0, 190.0
2018, 10, 9, 10, 33, 0, 26.6, 130.0, 0.0, 190.0
2018, 10, 9, 10, 33, 20, 26.6, 130.0, 0.0, 190.0
2018, 10, 9, 10, 33, 40, 26.6, 130.0, 0.0, 190.0
2018, 10, 9, 10, 34, 0, 26.6, 130.0, 0.0, 190.0
2018, 10, 9, 10, 34, 20, 26.6, 130.0, 0.0, 190.0
2018, 10, 9, 10, 34, 40, 26.6, 130.0, 0.0, 190.0
2018, 10, 9, 10, 35, 0, 26.6, 130.0, 0.0, 190.0
2018, 10, 9, 10, 35, 20, 26.6, 130.0, 0.0, 190.0
2018, 10, 9, 10, 35, 40, 26.6, 130.0, 0.0, 190.0
2018, 10, 9, 10, 36, 0, 26.6, 130.0, 0.0, 190.0
2018, 10, 9, 10, 36, 20, 26.6, 130.0, 0.0, 190.0
2018, 10, 9, 10, 36, 40, 26.6, 130.0, 0.0, 190.0
2018, 10, 9, 10, 37, 0, 26.6, 130.0, 0.0, 190.0
2018, 10, 9, 10, 37, 20, 26.6, 130.0, 0.0, 190.0
2018, 10, 9, 10, 37, 40, 26.6, 130.0, 0.0, 190.0
2018, 10, 9, 10, 38, 0, 26.6, 130.0, 0.0, 190.0
2018, 10, 9, 10, 38, 20, 26.6, 130.0, 0.0, 190.0
2018, 10, 9, 10, 38, 40, 26.6, 130.0, 0.0, 190.0
2018, 10, 9, 10, 39, 0, 26.6, 130.0, 0.0, 190.0
2018, 10, 9, 10, 39, 20, 26.6, 130.0, 0.0, 190.0
2018, 10, 9, 10, 39, 40, 26.6, 130.0, 0.0, 190.0
2018, 10, 9, 10, 40, 0, 26.6, 130.0, 0.0, 190.0
2018, 10, 9, 10, 40, 20, 26.6, 130.0, 0.0, 190.0
2018, 10, 9, 10, 40, 40, 26.6, 130.0, 0.0, 190.0
2018, 10, 9, 10, 41, 0, 26.6, 130.0, 0.0, 190.0
2018, 10, 9, 10, 41, 20, 26.6, 130.0, 0.0, 190.0
2018, 10, 9, 10, 41, 40, 26.6, 130.0, 0.0, 190.0
2018, 10, 9, 10, 42, 0, 26.6, 130.0, 0.0, 190.0
2018, 10, 9, 10, 42, 20, 26.6, 130.0, 0.0, 190.0
2018, 10, 9, 10, 42, 40, 26.6, 130.0, 0.0, 190.0
2018, 10, 9, 10, 43, 0, 26.6, 130.0, 0.0, 190.0
2018, 10, 9, 10, 43, 20, 26.6, 130.0, 0.0, 190.0
2018, 10, 9, 10, 43, 40, 26.6, 130.0, 0.0, 190.0
2018, 10, 9, 10, 44, 0, 26.6, 130.0, 0.0, 190.0
2018, 10, 9, 10, 44, 20, 26.6, 130.0, 0.0, 190.0
2018, 10, 9, 10, 44, 40, 26.6, 130.0, 0.0, 190.0
2018, 10, 9, 10, 45, 0, 26.6, 130.0, 0.0, 190.0
2018, 10, 9, 10, 45, 20, 26.6, 130.0, 0.0, 190.0
2018, 10, 9, 10, 45, 40, 26.6, 130.0, 0.0, 190.0
2018, 10, 9, 10, 46, 0, 26.6, 130.0, 0.0, 190.0
2018, 10, 9, 10, 46, 20, 26.6, 130.0, 0.0, 190.0
2018, 10, 9, 10, 46, 40, 26.6, 130.0, 0.0, 190.0
2018, 10, 9, 10, 47, 0, 26.6, 130.0, 0.0, 190.0
2018, 10, 9, 10, 47, 20, 26.6, 130.0, 0.0, 190.0
2018, 10, 9, 10, 47, 40, 26.6, 130.0, 0.0, 190.0
2018, 10, 9, 10, 48, 0, 26.6, 130.0, 0.0, 190.0
2018, 10, 9, 10, 48, 20, 26.6, 130.0, 0.0, 190.0
2018, 10, 9, 10, 48, 40, 26.6, 130.0, 0.0, 190.0
2018, 10, 9, 10, 49, 0, 26.6, 130.0, 0.0, 190.0
2018, 10, 9, 10, 49, 20, 26.6, 130.0, 0.0, 190.0
2018, 10, 9, 10, 49, 40, 26.6, 130.0, 0.0, 190.0
2018, 10, 9, 10, 50, 0, 26.6, 130.0, 0.0, 190.0
2018, 10, 9, 10, 50, 20, 26.6, 130.0, 0.0, 190.0
2018, 10, 9, 10, 50, 40, 26.6, 130.0, 0.0, 190.0
2018, 10, 9, 10, 51, 0, 26.6, 130.0, 0.0, 190.0
2018, 10, 9, 10, 51, 20, 26.6, 130.0, 0.0, 190.0
2018, 10, 9, 10, 51, 40, 26.6, 130.0, 0.0, 190.0
2018, 10, 9, 10, 52, 0, 26.6, 130.0, 0.0, 190.0
2018, 10, 9, 10, 52, 20, 26.6, 130.0, 0.0, 190.0
2018, 10, 9, 10, 52, 40, 26.6, 130.0, 0.0, 190.0
2018, 10, 9, 10, 53, 0, 26.6, 130.0, 0.0, 190.0
2018, 10, 9, 10, 53, 20, 26.6, 130.0, 0.0, 190.0
2018, 10, 9, 10, 53, 40, 26.6, 130.0, 0.0, 190.0
2018, 10, 9, 10, 54, 0, 26.6, 130.0, 0.0, 190.0
2018, 10, 9, 10, 54, 20, 26.6, 130.0, 0.0, 190.0
2018, 10, 9, 10, 54, 40, 26.6, 130.0, 0.0, 190.0
2018, 10, 9, 10, 55, 0, 26.6, 130.0, 0.0, 190.0
2018, 10, 9, 10, 55, 20, 26.6, 130.0, 0.0, 190.0
2018, 10, 9, 10, 55, 40, 26.6, 130.0, 0.0, 190.0
2018, 10, 9, 10, 56, 0, 26.6, 130.0, 0.0, 190.0
2018, 10, 9, 10, 56, 20, 26.6, 130.0, 0.0, 190.0
2018, 10, 9, 10, 56, 40, 26.6, 130.0, 0.0, 190.0
2018, 10, 9, 10, 57, 0, 26.6, 130.0, 0.0, 190.0
2018, 10, 9, 10, 57, 20, 26.6, 130.0, 0.0, 190.0
2018, 10, 9, 10, 57, 40, 26.6, 130.0, 0.0, 190.0
2018, 10, 9, 10, 58, 0, 26.6, 130.0, 0.0, 190.0
2018, 10, 9, 10, 58, 20, 26.6, 130.0, 0.0, 190.0
2018, 10, 9, 10, 58, 40, 26.6, 130.0, 0.0, 190.0
2018, 10, 9, 10, 59, 0, 26.6, 130.0, 0.0, 190.0
2018, 10, 9, 10, 59, 20, 26.6, 130.0, 0.0, 190.0
2018, 10, 9, 10, 59, 40, 26.6, 130.0, 0.0, 190.0
2018, 10, 9, 11, 0, 0, 26.6, 130.0, 0.0, 190.0
2018, 10, 9, 11, 0, 20, 26.6, 130.0, 0.0, 190.0
2018, 10, 9, 11, 0, 40, 26.6, 130.0, 0.0, 190.0
2018, 10, 9, 11, 1, 0, 26.6, 130.0, 0.0, 190.0
2018, 10, 9, 11, 1, 20, 26.6, 130.0, 0.0, 190.0
2018, 10, 9, 11, 1, 40, 26.6, 130.0, 0.0, 190.0
2018, 10, 9, 11, 2, 0, 26.6, 130.0, 0.0, 190.0
2018, 10, 9, 11, 2, 20, 26.6, 130.0, 0.0, 190.0
2018, 10, 9, 11, 2, 40, 26.6, 130.0, 0.0, 190.0
2018, 10, 9, 11, 3, 0, 26.6, 130.0, 0.0, 190.0
2018, 10, 9, 11, 3, 20, 26.6, 130.0, 0.0, 190.0
2018, 10, 9, 11, 3, 40, 26.6, 130.0, 0.0, 190.0
2018, 10, 9, 11, 4, 0, 26.6, 130.0, 0.0, 190.0
2018, 10, 9, 11, 4, 20, 26.6, 130.0, 0.0, 190.0
2018, 10, 9, 11, 4, 40, 26.6, 130.0, 0.0, 190.0
2018, 10, 9, 11, 5, 0, 26.6, 130.0, 0.0, 190.0
2018, 10, 9, 11, 5, 20, 26.6, 130.0, 0.0, 190.0
2018, 10, 9, 11, 5, 40, 26.6, 130.0, 0.0, 190.0
2018, 10, 9, 11, 6, 0, 26.6, 130.0, 0.0, 190.0
2018, 10, 9, 11, 6, 20, 26.6, 130.0, 0.0, 190.0
2018, 10, 9, 11, 6, 40, 26.6, 130.0, 0.0, 190.0
2018, 10, 9, 11, 7, 0, 26.6, 130.0, 0.0, 190.0
2018, 10, 9, 11, 7, 20, 26.6, 130.0, 0.0, 190.0
2018, 10, 9, 11, 7, 40, 26.6, 130.0, 0.0, 190.0
2018, 10, 9, 11, 8, 0, 26.6, 130.0, 0.0, 190.0
2018, 10, 9, 11, 8, 20, 26.6, 130.0, 0.0, 190.0
2018, 10, 9, 11, 8, 40, 26.6, 130.0, 0.0, 190.0
2018, 10, 9, 11, 9, 0, 26.6, 130.0, 0.0, 190.0
2018, 10, 9, 11, 9, 20, 26.6, 130.0, 0.0, 190.0
2018, 10, 9, 11, 9, 40, 26.6, 130.0, 0.0, 190.0
2018, 10, 9, 11, 10, 0, 26.6, 130.0, 0.0, 190.0
2018, 10, 9, 11, 10, 20, 26.6, 130.0, 0.0, 190.0
2018, 10, 9, 11, 10, 40, 26.6, 130.0, 0.0, 190.0
2018, 10, 9, 11, 11, 0, 26.6, 130.0, 0.0, 190.0
2018, 10, 9, 11, 11, 20, 26.6, 130.0, 0.0, 190.0
2018, 10, 9, 11, 11, 40, 26.6, 130.0, 0.0, 190.0
2018, 10, 9, 11, 12, 0, 26.6, 130.0, 0.0, 190.0
2018, 10, 9, 11, 12, 20, 26.6, 130.0, 0.0, 190.0
2018, 10, 9, 11, 12, 40, 26.6, 130.0, 0.0, 190.0
2018, 10, 9, 11, 13, 0, 26.6, 130.0, 0.0, 190.0
2018, 10, 9, 11, 13, 20, 26.6, 130.0, 0.0, 190.0
2018, 10, 9, 11, 13, 40, 26.6, 130.0, 0.0, 190.0
2018, 10, 9, 11, 14, 0, 26.6, 130.0, 0.0, 190.0
2018, 10, 9, 11, 14, 20, 26.6, 130.0, 0.0, 190.0
2018, 10, 9, 11, 14, 40, 26.6, 130.0, 0.0, 190.0
2018, 10, 9, 11, 15, 0, 26.6, 130.0, 0.0, 190.0
2018, 10, 9, 11, 15, 20, 26.6, 130.0, 0.0, 190.0
2018, 10, 9, 11, 15, 40, 26.6, 130.0, 0.0, 190.0
2018, 10, 9, 11, 16, 0, 26.6, 130.0, 0.0, 190.0
2018, 10, 9, 11, 16, 20, 26.6, 130.0, 0.0, 190.0
2018, 10, 9, 11, 16, 40, 26.6, 130.0, 0.0, 190.0
2018, 10, 9, 11, 17, 0, 26.6, 130.0, 0.0, 190.0
2018, 10, 9, 11, 17, 20, 26.6, 130.0, 0.0, 190.0
2018, 10, 9, 11, 17, 40, 26.6, 130.0, 0.0, 190.0
2018, 10, 9, 11, 18, 0, 26.6, 130.0, 0.0, 190.0
2018, 10, 9, 11, 18, 20, 26.6, 130.0, 0.0, 190.0
2018, 10, 9, 11, 18, 40, 26.6, 130.0, 0.0, 190.0
2018, 10, 9, 11, 19, 0, 26.6, 130.0, 0.0, 190.0
2018, 10, 9, 11, 19, 20, 26.6, 130.0, 0.0, 190.0
2018, 10, 9, 11, 19, 40, 26.6, 130.0, 0.0, 190.0
2018, 10, 9, 11, 20, 0, 26.6, 130.0, 0.0, 190.0
2018, 10, 9, 11, 20, 20, 26.6, 130.0, 0.0, 190.0
2018, 10, 9, 11, 20, 40, 26.6, 130.0, 0.0, 190.0
2018, 10, 9, 11, 21, 0, 26.6, 130.0, 0.0, 190.0
2018, 10, 9, 11, 21, 20, 26.6, 130.0, 0.0, 190.0
2018, 10, 9, 11, 21, 40, 26.6, 130.0, 0.0, 190.0
2018, 10, 9, 11, 22, 0, 26.6, 130.0, 0.0, 190.0
2018, 10, 9, 11, 22, 20, 26.6, 130.0, 0.0, 190.0
2018, 10, 9, 11, 22, 40, 26.6, 130.0, 0.0, 190.0
2018, 10, 9, 11, 23, 0, 26.6, 130.0, 0.0, 190.0
2018, 10, 9, 11, 23, 20, 26.6, 130.0, 0.0, 190.0
2018, 10, 9, 11, 23, 40, 26.6, 130.0, 0.0, 190.0
2018, 10, 9, 11, 24, 0, 26.6, 130.0, 0.0, 190.0
2018, 10, 9, 11, 24, 20, 26.6, 130.0, 0.0, 190.0
2018, 10, 9, 11, 24, 40, 26.6, 130.0, 0.0, 190.0
2018, 10, 9, 11, 25, 0, 26.6, 130.0, 0.0, 190.0
2018, 10, 9, 11, 25, 20, 26.6, 130.0, 0.0, 190.0
2018, 10, 9, 11, 25, 40, 26.6, 130.0, 0.0, 190.0
2018, 10, 9, 11, 26, 0, 26.6, 130.0, 0.0, 190.0
2018, 10, 9, 11, 26, 20, 26.6, 130.0, 0.0, 190.0
2018, 10, 9, 11, 26, 40, 26.6, 130.0, 0.0, 190.0
2018, 10, 9, 11, 27, 0, 26.6, 130.0, 0.0, 190.0
2018, 10, 9, 11, 27, 20, 26.6, 130.0, 0.0, 190.0
2018, 10, 9, 11, 27, 40, 26.6, 130.0, 0.0, 190.0
2018, 10, 9, 11, 28, 0, 26.6, 130.0, 0.0, 190.0
2018, 10, 9, 11, 28, 20, 26.6, 130.0, 0.0, 190.0
2018, 10, 9, 11, 28, 40, 26.6, 130.0, 0.0, 190.0
2018, 10, 9, 11, 29, 0, 26.6, 130.0, 0.0, 190.0
2018, 10, 9, 11, 29, 20, 26.6, 130.0, 0.0, 190.0
2018, 10, 9, 11, 29, 40, 26.6, 130.0, 0.0, 190.0
2018, 10, 9, 11, 30, 0, 26.6, 130.0, 0.0, 190.0
2018, 10, 9, 11, 30, 20, 26.6, 130.0, 0.0, 190.0
2018, 10, 9, 11, 30, 40, 26.6, 130.0, 0.0, 190.0
2018, 10, 9, 11, 31, 0, 26.6, 130.0, 0.0, 190.0
2018, 10, 9, 11, 31, 20, 26.6, 130.0, 0.0, 190.0
2018, 10, 9, 11, 31, 40, 26.6, 130.0, 0.0, 190.0
2018, 10, 9, 11, 32, 0, 26.6, 130.0, 0.0, 190.0
2018, 10, 9, 11, 32, 20, 26.6, 130.0, 0.0, 190.0
2018, 10, 9, 11, 32, 40, 26.6, 130.0, 0.0, 190.0
2018, 10, 9, 11, 33, 0, 26.6, 130.0, 0.0, 190.0
2018, 10, 9, 11, 33, 20, 26.6, 130.0, 0.0, 190.0
2018, 10, 9, 11, 33, 40, 26.6, 130.0, 0.0, 190.0
2018, 10, 9, 11, 34, 0, 26.6, 130.0, 0.0, 190.0
2018, 10, 9, 11, 34, 20, 26.6, 130.0, 0.0, 190.0
2018, 10, 9, 11, 34, 40, 26.6, 130.0, 0.0, 190.0
2018, 10, 9, 11, 35, 0, 26.6, 130.0, 0.0, 190.0
2018, 10, 9, 11, 35, 20, 26.6, 130.0, 0.0, 190.0
2018, 10, 9, 11, 35, 40, 26.6, 130.0, 0.0, 190.0
2018, 10, 9, 11, 36, 0, 26.6, 130.0, 0.0, 190.0
2018, 10, 9, 11, 36, 20, 26.6, 130.0, 0.0, 190.0
2018, 10, 9, 11, 36, 40, 26.6, 130.0, 0.0, 190.0
2018, 10, 9, 11, 37, 0, 26.6, 130.0, 0.0, 190.0
2018, 10, 9, 11, 37, 20, 26.6, 130.0, 0.0, 190.0
2018, 10, 9, 11, 37, 40, 26.6, 130.0, 0.0, 190.0
2018, 10, 9, 11, 38, 0, 26.6, 130.0, 0.0, 190.0
2018, 10, 9, 11, 38, 20, 26.6, 130.0, 0.0, 190.0
2018, 10, 9, 11, 38, 40, 26.6, 130.0, 0.0, 190.0
2018, 10, 9, 11, 39, 0, 26.6, 130.0, 0.0, 190.0
2018, 10, 9, 11, 39, 20, 26.6, 130.0, 0.0, 190.0
2018, 10, 9, 11, 39, 40, 26.6, 130.0, 0.0, 190.0
2018, 10, 9, 11, 40, 0, 26.6, 130.0, 0.0, 190.0
2018, 10, 9, 11, 40, 20, 26.6, 130.0, 0.0, 190.0
2018, 10, 9, 11, 40, 40, 26.6, 130.0, 0.0, 190.0
2018, 10, 9, 11, 41, 0, 26.6, 130.0, 0.0, 190.0
2018, 10, 9, 11, 41, 20, 26.6, 130.0, 0.0, 190.0
2018, 10, 9, 11, 41, 40, 26.6, 130.0, 0.0, 190.0
2018, 10, 9, 11, 42, 0, 26.6, 130.0, 0.0, 190.0
2018, 10, 9, 11, 42, 20, 26.6, 130.0, 0.0, 190.0
2018, 10, 9, 11, 42, 40, 26.6, 130.0, 0.0, 190.0
2018, 10, 9, 11, 43, 0, 26.6, 130.0, 0.0, 190.0
2018, 10, 9, 11, 43, 20, 26.6, 130.0, 0.0, 190.0
2018, 10, 9, 11, 43, 40, 26.6, 130.0, 0.0, 190.0
2018, 10, 9, 11, 44, 0, 26.6, 130.0, 0.0, 190.0
2018, 10, 9, 11, 44, 20, 26.6, 130.0, 0.0, 190.0
2018, 10, 9, 11, 44, 40, 26.6, 130.0, 0.0, 190.0
2018, 10, 9, 11, 45, 0, 26.6, 130.0, 0.0, 190.0
2018, 10, 9, 11, 45, 20, 26.6, 130.0, 0.0, 190.0
2018, 10, 9, 11, 45, 40, 26.6, 130.0, 0.0, 190.0
2018, 10, 9, 11, 46, 0, 26.6, 130.0, 0.0, 190.0
2018, 10, 9, 11, 46, 20, 26.6, 130.0, 0.0, 190.0
2018, 10, 9, 11, 46, 40, 26.6, 130.0, 0.0, 190.0
2018, 10, 9, 11, 47, 0, 26.6, 130.0, 0.0, 190.0
2018, 10, 9, 11, 47, 20, 26.6, 130.0, 0.0, 190.0
2018, 10, 9, 11, 47, 40, 26.6, 130.0, 0.0, 190.0
2018, 10, 9, 11, 48, 0, 26.6, 130.0, 0.0, 190.0
2018, 10, 9, 11, 48, 20, 26.6, 130.0, 0.0, 190.0
2018, 10, 9, 11, 48, 40, 26.6, 130.0, 0.0, 190.0
2018, 10, 9, 11, 49, 0, 26.6, 130.0, 0.0, 190.0
2018, 10, 9, 11, 49, 20, 26.6, 130.0, 0.0, 190.0
2018, 10, 9, 11, 49, 40, 26.6, 130.0, 0.0, 190.0
2018, 10, 9, 11, 50, 0, 26.6, 130.0, 0.0, 190.0
2018, 10, 9, 11, 50, 20, 26.6, 130.0, 0.0, 190.0
2018, 10, 9, 11, 50, 40, 26.6, 130.0, 0.0, 190.0
2018, 10, 9, 11, 51, 0, 26.6, 130.0, 0.0, 190.0
2018, 10, 9, 11, 51, 20, 26.6, 130.0, 0.0, 190.0
2018, 10, 9, 11, 51, 40, 26.6, 130.0, 0.0, 190.0
2018, 10, 9, 11, 52, 0, 26.6, 130.0, 0.0, 190.0
2018, 10, 9, 11, 52, 20, 26.6, 130.0, 0.0, 190.0
2018, 10, 9, 11, 52, 40, 26.6, 130.0, 0.0, 190.0
2018, 10, 9, 11, 53, 0, 26.6, 130.0, 0.0, 190.0
2018, 10, 9, 11, 53, 20, 26.6, 130.0, 0.0, 190.0
2018, 10, 9, 11, 53, 40, 26.6, 130.0, 0.0, 190.0
2018, 10, 9, 11, 54, 0, 26.6, 130.0, 0.0, 190.0
2018, 10, 9, 11, 54, 20, 26.6, 130.0, 0.0, 190.0
2018, 10, 9, 11, 54, 40, 26.6, 130.0, 0.0, 190.0
2018, 10, 9, 11, 55, 0, 26.6, 130.0, 0.0, 190.0
2018, 10, 9, 11, 55, 20, 26.6, 130.0, 0.0, 190.0
2018, 10, 9, 11, 55, 40, 26.6, 130.0, 0.0, 190.0
2018, 10, 9, 11, 56, 0, 26.6, 130.0, 0.0, 190.0
2018, 10, 9, 11, 56, 20, 26.6, 130.0, 0.0, 190.0
2018, 10, 9, 11, 56, 40, 26.6, 130.0, 0.0, 190.0
2018, 10, 9, 11, 57, 0, 26.6, 130.0, 0.0, 190.0
2018, 10, 9, 11, 57, 20, 26.6, 130.0, 0.0, 190.0
2018, 10, 9, 11, 57, 40, 26.6, 130.0, 0.0, 190.0
2018, 10, 9, 11, 58, 0, 26.6, 130.0, 0.0, 190.0
2018, 10, 9, 11, 58, 20, 26.6, 130.0, 0.0, 190.0
2018, 10, 9, 11, 58, 40, 26.6, 130.0, 0.0, 190.0
2018, 10, 9, 11, 59, 0, 26.6, 130.0, 0.0, 190.0
2018, 10, 9, 11, 59, 20, 26.6, 130.0, 0.0, 190.0
2018, 10, 9, 11, 59, 40, 26.6, 130.0, 0.0, 190.0
2018, 10, 9, 12, 0, 0, 26.6, 130.0, 0.0, 190.0
2018, 10, 9, 12, 0, 20, 26.6, 130.0, 0.0, 190.0
2018, 10, 9, 12, 0, 40, 26.6, 130.0, 0.0, 190.0
2018, 10, 9, 12, 1, 0, 26.6, 130.0, 0.0, 190.0
2018, 10, 9, 12, 1, 20, 26.6, 130.0, 0.0, 190.0
2018, 10, 9, 12, 1, 40, 26.6, 130.0, 0.0, 190.0
2018, 10, 9, 12, 2, 0, 26.6, 130.0, 0.0, 190.0
2018, 10, 9, 12, 2, 20, 26.6, 130.0, 0.0, 190.0
2018, 10, 9, 12, 2, 40, 26.6, 130.0, 0.0, 190.0
2018, 10, 9, 12, 3, 0, 26.6, 130.0, 0.0, 190.0
2018, 10, 9, 12, 3, 20, 26.6, 130.0, 0.0, 190.0
2018, 10, 9, 12, 3, 40, 26.6, 130.0, 0.0, 190.0
2018, 10, 9, 12, 4, 0, 26.6, 130.0, 0.0, 190.0
2018, 10, 9, 12, 4, 20, 26.6, 130.0, 0.0, 190.0
2018, 10, 9, 12, 4, 40, 26.6, 130.0, 0.0, 190.0
2018, 10, 9, 12, 5, 0, 26.6, 130.0, 0.0, 190.0
2018, 10, 9, 12, 5, 20, 26.6, 130.0, 0.0, 190.0
2018, 10, 9, 12, 5, 40, 26.6, 130.0, 0.0, 190.0
2018, 10, 9, 12, 6, 0, 26.6, 130.0, 0.0, 190.0
2018, 10, 9, 12, 6, 20, 26.6, 130.0, 0.0, 190.0
2018, 10, 9, 12, 6, 40, 26.6, 130.0, 0.0, 190.0
2018, 10, 9, 12, 7, 0, 26.6, 130.0, 0.0, 190.0
2018, 10, 9, 12, 7, 20, 26.6, 130.0, 0.0, 190.0
2018, 10, 9, 12, 7, 40, 26.6, 130.0, 0.0, 190.0
2018, 10, 9, 12, 8, 0, 26.6, 130.0, 0.0, 190.0
2018, 10, 9, 12, 8, 20, 26.6, 130.0, 0.0, 190.0
2018, 10, 9, 12, 8, 40, 26.6, 130.0, 0.0, 190.0
2018, 10, 9, 12, 9, 0, 26.6, 130.0, 0.0, 190.0
2018, 10, 9, 12, 9, 20, 26.6, 130.0, 0.0, 190.0
2018, 10, 9, 12, 9, 40, 26.6, 130.0, 0.0, 190.0
2018, 10, 9, 12, 10, 0, 26.6, 130.0, 0.0, 190.0
2018, 10, 9, 12, 10, 20, 26.6, 130.0, 0.0, 190.0
2018, 10, 9, 12, 10, 40, 26.6, 130.0, 0.0, 190.0
2018, 10, 9, 12, 11, 0, 26.6, 130.0, 0.0, 190.0
2018, 10, 9, 12, 11, 20, 26.6, 130.0, 0.0, 190.0
2018, 10, 9, 12, 11, 40, 26.6, 130.0, 0.0, 190.0
2018, 10, 9, 12, 12, 0, 26.6, 130.0, 0.0, 190.0
2018, 10, 9, 12, 12, 20, 26.6, 130.0, 0.0, 190.0
2018, 10, 9, 12, 12, 40, 26.6, 130.0, 0.0, 190.0
2018, 10, 9, 12, 13, 0, 26.6, 130.0, 0.0, 190.0
2018, 10, 9, 12, 13, 20, 26.6, 130.0, 0.0, 190.0
2018, 10, 9, 12, 13, 40, 26.6, 130.0, 0.0, 190.0
2018, 10, 9, 12, 14, 0, 26.6, 130.0, 0.0, 190.0
2018, 10, 9, 12, 14, 20, 26.6, 130.0, 0.0, 190.0
2018, 10, 9, 12, 14, 40, 26.6, 130.0, 0.0, 190.0
2018, 10, 9, 12, 15, 0, 26.6, 130.0, 0.0, 190.0
2018, 10, 9, 12, 15, 20, 26.6, 130.0, 0.0, 190.0
2018, 10, 9, 12, 15, 40, 26.6, 130.0, 0.0, 190.0
2018, 10, 9, 12, 16, 0, 26.6, 130.0, 0.0, 190.0
2018, 10, 9, 12, 16, 20, 26.6, 130.0, 0.0, 190.0
2018, 10, 9, 12, 16, 40, 26.6, 130.0, 0.0, 190.0
2018, 10, 9, 12, 17, 0, 26.6, 130.0, 0.0, 190.0
2018, 10, 9, 12, 17, 20, 26.6, 130.0, 0.0, 190.0
2018, 10, 9, 12, 17, 40, 26.6, 130.0, 0.0, 190.0
2018, 10, 9, 12, 18, 0, 26.6, 130.0, 0.0, 190.0
2018, 10, 9, 12, 18, 20, 26.6, 130.0, 0.0, 190.0
2018, 10, 9, 12, 18, 40, 26.6, 130.0, 0.0, 190.0
2018, 10, 9, 12, 19, 0, 26.6, 130.0, 0.0, 190.0
2018, 10, 9, 12, 19, 20, 26.6, 130.0, 0.0, 190.0
2018, 10, 9, 12, 19, 40, 26.6, 130.0, 0.0, 190.0
2018, 10, 9, 12, 20, 0, 26.6, 130.0, 0.0, 190.0
2018, 10, 9, 12, 20, 20, 26.6, 130.0, 0.0, 190.0
2018, 10, 9, 12, 20, 40, 26.6, 130.0, 0.0, 190.0
2018, 10, 9, 12, 21, 0, 26.6, 130.0, 0.0, 190.0
2018, 10, 9, 12, 21, 20, 26.6, 130.0, 0.0, 190.0
2018, 10, 9, 12, 21, 40, 26.6, 130.0, 0.0, 190.0
2018, 10, 9, 12, 22, 0, 26.6, 130.0, 0.0, 190.0
2018, 10, 9, 12, 22, 20, 26.6, 130.0, 0.0, 190.0
2018, 10, 9, 12, 22, 40, 26.6, 130.0, 0.0, 190.0
2018, 10, 9, 12, 23, 0, 26.6, 130.0, 0.0, 190.0
2018, 10, 9, 12, 23, 20, 26.6, 130.0, 0.0, 190.0
2018, 10, 9, 12, 23, 40, 26.6, 130.0, 0.0, 190.0
2018, 10, 9, 12, 37, 20, 26.6, 130.0, 0.0, 190.0
2018, 10, 9, 12, 37, 40, 26.6, 130.0, 0.0, 190.0
2018, 10, 9, 12, 38, 0, 26.6, 130.0, 0.0, 190.0
2018, 10, 9, 12, 38, 20, 26.6, 130.0, 0.0, 190.0
2018, 10, 9, 12, 38, 40, 26.6, 130.0, 0.0, 190.0
2018, 10, 9, 12, 39, 0, 26.6, 130.0, 0.0, 190.0
2018, 10, 9, 12, 39, 20, 26.6, 130.0, 0.0, 190.0
2018, 10, 9, 12, 39, 40, 26.6, 130.0, 0.0, 190.0
2018, 10, 9, 12, 40, 0, 26.6, 130.0, 0.0, 190.0
2018, 10, 9, 12, 40, 20, 26.6, 130.0, 0.0, 190.0
2018, 10, 9, 12, 40, 40, 26.6, 130.0, 0.0, 190.0
2018, 10, 9, 12, 41, 0, 26.6, 130.0, 0.0, 190.0
2018, 10, 9, 12, 41, 20, 26.6, 130.0, 0.0, 190.0
2018, 10, 9, 12, 41, 40, 26.6, 130.0, 0.0, 190.0
2018, 10, 9, 12, 42, 0, 26.6, 130.0, 0.0, 190.0
2018, 10, 9, 12, 42, 20, 26.6, 130.0, 0.0, 190.0
2018, 10, 9, 12, 42, 40, 26.6, 130.0, 0.0, 190.0
2018, 10, 9, 12, 43, 0, 26.6, 130.0, 0.0, 190.0
2018, 10, 9, 12, 43, 20, 26.6, 130.0, 0.0, 190.0
2018, 10, 9, 12, 43, 40, 26.6, 130.0, 0.0, 190.0
2018, 10, 9, 12, 44, 0, 26.6, 130.0, 0.0, 190.0
2018, 10, 9, 12, 44, 20, 26.6, 130.0, 0.0, 190.0
2018, 10, 9, 12, 44, 40, 26.6, 130.0, 0.0, 190.0
2018, 10, 9, 12, 45, 0, 26.6, 130.0, 0.0, 190.0
2018, 10, 9, 12, 45, 20, 26.6, 130.0, 0.0, 190.0
2018, 10, 9, 12, 45, 40, 26.6, 130.0, 0.0, 190.0
2018, 10, 9, 12, 46, 0, 26.6, 130.0, 0.0, 190.0
2018, 10, 9, 12, 46, 20, 26.6, 130.0, 0.0, 190.0
2018, 10, 9, 12, 46, 40, 26.6, 130.0, 0.0, 190.0
2018, 10, 9, 12, 47, 0, 26.6, 130.0, 0.0, 190.0
2018, 10, 9, 12, 47, 20, 26.6, 130.0, 0.0, 190.0
2018, 10, 9, 12, 47, 40, 26.6, 130.0, 0.0, 190.0
2018, 10, 9, 12, 48, 0, 26.6, 130.0, 0.0, 190.0
2018, 10, 9, 12, 48, 20, 26.6, 130.0, 0.0, 190.0
2018, 10, 9, 12, 48, 40, 26.6, 130.0, 0.0, 190.0
2018, 10, 9, 12, 49, 0, 26.6, 130.0, 0.0, 190.0
2018, 10, 9, 12, 49, 20, 26.6, 130.0, 0.0, 190.0
2018, 10, 9, 12, 49, 40, 26.6, 130.0, 0.0, 190.0
2018, 10, 9, 12, 50, 0, 26.6, 130.0, 0.0, 190.0
2018, 10, 9, 12, 50, 20, 26.6, 130.0, 0.0, 190.0
2018, 10, 9, 12, 50, 40, 26.6, 130.0, 0.0, 190.0
2018, 10, 9, 12, 51, 0, 26.6, 130.0, 0.0, 190.0
2018, 10, 9, 12, 51, 20, 26.6, 130.0, 0.0, 190.0
2018, 10, 9, 12, 51, 40, 26.6, 130.0, 0.0, 190.0
2018, 10, 9, 12, 52, 0, 26.6, 130.0, 0.0, 190.0
2018, 10, 9, 12, 52, 20, 26.6, 130.0, 0.0, 190.0
2018, 10, 9, 12, 52, 40, 26.6, 130.0, 0.0, 190.0
2018, 10, 9, 12, 53, 0, 26.6, 130.0, 0.0, 190.0
2018, 10, 9, 12, 53, 20, 26.6, 130.0, 0.0, 190.0
2018, 10, 9, 12, 53, 40, 26.6, 130.0, 0.0, 190.0
2018, 10, 9, 12, 54, 0, 26.6, 130.0, 0.0, 190.0
2018, 10, 9, 12, 54, 20, 26.6, 130.0, 0.0, 190.0
2018, 10, 9, 12, 54, 40, 26.6, 130.0, 0.0, 190.0
2018, 10, 9, 12, 55, 0, 26.6, 130.0, 0.0, 190.0
2018, 10, 9, 12, 55, 20, 26.6, 130.0, 0.0, 190.0
2018, 10, 9, 12, 55, 40, 26.6, 130.0, 0.0, 190.0
2018, 10, 9, 12, 56, 0, 26.6, 130.0, 0.0, 190.0
2018, 10, 9, 12, 56, 20, 26.6, 130.0, 0.0, 190.0
2018, 10, 9, 12, 56, 40, 26.6, 130.0, 0.0, 190.0
2018, 10, 9, 12, 57, 0, 26.6, 130.0, 0.0, 190.0
2018, 10, 9, 12, 57, 20, 26.6, 130.0, 0.0, 190.0
2018, 10, 9, 12, 57, 40, 26.6, 130.0, 0.0, 190.0
2018, 10, 9, 12, 58, 0, 26.6, 130.0, 0.0, 190.0
2018, 10, 9, 12, 58, 20, 26.6, 130.0, 0.0, 190.0
2018, 10, 9, 12, 58, 40, 26.6, 130.0, 0.0, 190.0
2018, 10, 9, 12, 59, 0, 26.6, 130.0, 0.0, 190.0
2018, 10, 9, 12, 59, 20, 26.6, 130.0, 0.0, 190.0
2018, 10, 9, 12, 59, 40, 26.6, 130.0, 0.0, 190.0
2018, 10, 9, 13, 0, 0, 26.6, 130.0, 0.0, 190.0
2018, 10, 9, 13, 0, 20, 26.6, 130.0, 0.0, 190.0
2018, 10, 9, 13, 0, 40, 26.6, 130.0, 0.0, 190.0
2018, 10, 9, 13, 1, 0, 26.6, 130.0, 0.0, 190.0
2018, 10, 9, 13, 1, 20, 26.6, 130.0, 0.0, 190.0
2018, 10, 9, 13, 1, 40, 26.6, 130.0, 0.0, 190.0
2018, 10, 9, 13, 2, 0, 26.6, 130.0, 0.0, 190.0
2018, 10, 9, 13, 2, 20, 26.6, 130.0, 0.0, 190.0
2018, 10, 9, 13, 2, 40, 26.6, 130.0, 0.0, 190.0
2018, 10, 9, 13, 3, 0, 26.6, 130.0, 0.0, 190.0
2018, 10, 9, 13, 3, 20, 26.6, 130.0, 0.0, 190.0
2018, 10, 9, 13, 3, 40, 26.6, 130.0, 0.0, 190.0
2018, 10, 9, 13, 4, 0, 26.6, 130.0, 0.0, 190.0
2018, 10, 9, 13, 4, 20, 26.6, 130.0, 0.0, 190.0
2018, 10, 9, 13, 4, 40, 26.6, 130.0, 0.0, 190.0
2018, 10, 9, 13, 5, 0, 26.6, 130.0, 0.0, 190.0
2018, 10, 9, 13, 5, 20, 26.6, 130.0, 0.0, 190.0
2018, 10, 9, 13, 5, 40, 26.6, 130.0, 0.0, 190.0
2018, 10, 9, 13, 6, 0, 26.6, 130.0, 0.0, 190.0
2018, 10, 9, 13, 6, 20, 26.6, 130.0, 0.0, 190.0
2018, 10, 9, 13, 6, 40, 26.6, 130.0, 0.0, 190.0
2018, 10, 9, 13, 7, 0, 26.6, 130.0, 0.0, 190.0
2018, 10, 9, 13, 7, 20, 26.6, 130.0, 0.0, 190.0
2018, 10, 9, 13, 7, 40, 26.6, 130.0, 0.0, 190.0
2018, 10, 9, 13, 8, 0, 26.6, 130.0, 0.0, 190.0
2018, 10, 9, 13, 8, 20, 26.6, 130.0, 0.0, 190.0
2018, 10, 9, 13, 8, 40, 26.6, 130.0, 0.0, 190.0
2018, 10, 9, 13, 9, 0, 26.6, 130.0, 0.0, 190.0
2018, 10, 9, 13, 9, 20, 26.6, 130.0, 0.0, 190.0
2018, 10, 9, 13, 9, 40, 26.6, 130.0, 0.0, 190.0
2018, 10, 9, 13, 10, 0, 26.6, 130.0, 0.0, 190.0
2018, 10, 9, 13, 10, 20, 26.6, 130.0, 0.0, 190.0
2018, 10, 9, 13, 10, 40, 26.6, 130.0, 0.0, 190.0
2018, 10, 9, 13, 11, 0, 26.6, 130.0, 0.0, 190.0
2018, 10, 9, 13, 11, 20, 26.6, 130.0, 0.0, 190.0
2018, 10, 9, 13, 11, 40, 26.6, 130.0, 0.0, 190.0
2018, 10, 9, 13, 12, 0, 26.6, 130.0, 0.0, 190.0
2018, 10, 9, 13, 12, 20, 26.6, 130.0, 0.0, 190.0
2018, 10, 9, 13, 12, 40, 26.6, 130.0, 0.0, 190.0
2018, 10, 9, 13, 13, 0, 26.6, 130.0, 0.0, 190.0
2018, 10, 9, 13, 13, 20, 26.6, 130.0, 0.0, 190.0
2018, 10, 9, 13, 13, 40, 26.6, 130.0, 0.0, 190.0
2018, 10, 9, 13, 14, 0, 26.6, 130.0, 0.0, 190.0
2018, 10, 9, 13, 14, 20, 26.6, 130.0, 0.0, 190.0
2018, 10, 9, 13, 14, 40, 26.6, 130.0, 0.0, 190.0
2018, 10, 9, 13, 15, 0, 26.6, 130.0, 0.0, 190.0
2018, 10, 9, 13, 15, 20, 26.6, 130.0, 0.0, 190.0
2018, 10, 9, 13, 15, 40, 26.6, 130.0, 0.0, 190.0
2018, 10, 9, 13, 16, 0, 26.6, 130.0, 0.0, 190.0
2018, 10, 9, 13, 16, 20, 26.6, 130.0, 0.0, 190.0
2018, 10, 9, 13, 16, 40, 26.6, 130.0, 0.0, 190.0
2018, 10, 9, 13, 17, 0, 26.6, 130.0, 0.0, 190.0
2018, 10, 9, 13, 17, 20, 26.6, 130.0, 0.0, 190.0
2018, 10, 9, 13, 17, 40, 26.6, 130.0, 0.0, 190.0
2018, 10, 9, 13, 18, 0, 26.6, 130.0, 0.0, 190.0
2018, 10, 9, 13, 18, 20, 26.6, 130.0, 0.0, 190.0
2018, 10, 9, 13, 18, 40, 26.6, 130.0, 0.0, 190.0
2018, 10, 9, 13, 19, 0, 26.6, 130.0, 0.0, 190.0
2018, 10, 9, 13, 19, 20, 26.6, 130.0, 0.0, 190.0
2018, 10, 9, 13, 19, 40, 26.6, 130.0, 0.0, 190.0
2018, 10, 9, 13, 20, 0, 26.6, 130.0, 0.0, 190.0
2018, 10, 9, 13, 20, 20, 26.6, 130.0, 0.0, 190.0
2018, 10, 9, 13, 20, 40, 26.6, 130.0, 0.0, 190.0
2018, 10, 9, 13, 21, 0, 26.6, 130.0, 0.0, 190.0
2018, 10, 9, 13, 21, 20, 26.6, 130.0, 0.0, 190.0
2018, 10, 9, 13, 21, 40, 26.6, 130.0, 0.0, 190.0
2018, 10, 9, 13, 22, 0, 26.6, 130.0, 0.0, 190.0
2018, 10, 9, 13, 22, 20, 26.6, 130.0, 0.0, 190.0
2018, 10, 9, 13, 22, 40, 26.6, 130.0, 0.0, 190.0
2018, 10, 9, 13, 23, 0, 26.6, 130.0, 0.0, 190.0
2018, 10, 9, 13, 23, 20, 26.6, 130.0, 0.0, 190.0
2018, 10, 9, 13, 23, 40, 26.6, 130.0, 0.0, 190.0
2018, 10, 9, 13, 24, 0, 26.6, 130.0, 0.0, 190.0
2018, 10, 9, 13, 24, 20, 26.6, 130.0, 0.0, 190.0
2018, 10, 9, 13, 24, 40, 26.6, 130.0, 0.0, 190.0
2018, 10, 9, 13, 25, 0, 26.6, 130.0, 0.0, 190.0
2018, 10, 9, 13, 25, 20, 26.6, 130.0, 0.0, 190.0
2018, 10, 9, 13, 25, 40, 26.6, 130.0, 0.0, 190.0
2018, 10, 9, 13, 26, 0, 26.6, 130.0, 0.0, 190.0
2018, 10, 9, 13, 26, 20, 26.6, 130.0, 0.0, 190.0
2018, 10, 9, 13, 26, 40, 26.6, 130.0, 0.0, 190.0
2018, 10, 9, 13, 27, 0, 26.6, 130.0, 0.0, 190.0
2018, 10, 9, 13, 27, 20, 26.6, 130.0, 0.0, 190.0
2018, 10, 9, 13, 27, 40, 26.6, 130.0, 0.0, 190.0
2018, 10, 9, 13, 28, 0, 26.6, 130.0, 0.0, 190.0
2018, 10, 9, 13, 28, 20, 26.6, 130.0, 0.0, 190.0
2018, 10, 9, 13, 28, 40, 26.6, 130.0, 0.0, 190.0
2018, 10, 9, 13, 29, 0, 26.6, 130.0, 0.0, 190.0
2018, 10, 9, 13, 29, 20, 26.6, 130.0, 0.0, 190.0
2018, 10, 9, 13, 29, 40, 26.6, 130.0, 0.0, 190.0
2018, 10, 9, 13, 30, 0, 26.6, 130.0, 0.0, 190.0
2018, 10, 9, 13, 30, 20, 26.6, 130.0, 0.0, 190.0
2018, 10, 9, 13, 30, 40, 26.6, 130.0, 0.0, 190.0
2018, 10, 9, 13, 31, 0, 26.6, 130.0, 0.0, 190.0
2018, 10, 9, 13, 31, 20, 26.6, 130.0, 0.0, 190.0
2018, 10, 9, 13, 31, 40, 26.6, 130.0, 0.0, 190.0
2018, 10, 9, 13, 32, 0, 26.6, 130.0, 0.0, 190.0
2018, 10, 9, 13, 32, 20, 26.6, 130.0, 0.0, 190.0
2018, 10, 9, 13, 32, 40, 26.6, 130.0, 0.0, 190.0
2018, 10, 9, 13, 33, 0, 26.6, 130.0, 0.0, 190.0
2018, 10, 9, 13, 33, 20, 26.6, 130.0, 0.0, 190.0
2018, 10, 9, 13, 33, 40, 26.6, 130.0, 0.0, 190.0
2018, 10, 9, 13, 34, 0, 26.6, 130.0, 0.0, 190.0
2018, 10, 9, 13, 34, 20, 26.6, 130.0, 0.0, 190.0
2018, 10, 9, 13, 34, 40, 26.6, 130.0, 0.0, 190.0
2018, 10, 9, 13, 35, 0, 26.6, 130.0, 0.0, 190.0
2018, 10, 9, 13, 35, 20, 26.6, 130.0, 0.0, 190.0
2018, 10, 9, 13, 35, 40, 26.6, 130.0, 0.0, 190.0
2018, 10, 9, 13, 36, 0, 26.6, 130.0, 0.0, 190.0
2018, 10, 9, 13, 36, 20, 26.6, 130.0, 0.0, 190.0
2018, 10, 9, 13, 36, 40, 26.6, 130.0, 0.0, 190.0
2018, 10, 9, 13, 37, 0, 26.6, 130.0, 0.0, 190.0
2018, 10, 9, 13, 37, 20, 26.6, 130.0, 0.0, 190.0
2018, 10, 9, 13, 37, 40, 26.6, 130.0, 0.0, 190.0
2018, 10, 9, 13, 38, 0, 26.6, 130.0, 0.0, 190.0
2018, 10, 9, 13, 38, 20, 26.6, 130.0, 0.0, 190.0
2018, 10, 9, 13, 38, 40, 26.6, 130.0, 0.0, 190.0
2018, 10, 9, 13, 39, 0, 26.6, 130.0, 0.0, 190.0
2018, 10, 9, 13, 39, 20, 26.6, 130.0, 0.0, 190.0
2018, 10, 9, 13, 39, 40, 26.6, 130.0, 0.0, 190.0
2018, 10, 9, 13, 40, 0, 26.6, 130.0, 0.0, 190.0
2018, 10, 9, 13, 40, 20, 26.6, 130.0, 0.0, 190.0
2018, 10, 9, 13, 40, 40, 26.6, 130.0, 0.0, 190.0
2018, 10, 9, 13, 41, 0, 26.6, 130.0, 0.0, 190.0
2018, 10, 9, 13, 41, 20, 26.6, 130.0, 0.0, 190.0
2018, 10, 9, 13, 41, 40, 26.6, 130.0, 0.0, 190.0
2018, 10, 9, 13, 42, 0, 26.6, 130.0, 0.0, 190.0
2018, 10, 9, 13, 42, 20, 26.6, 130.0, 0.0, 190.0
2018, 10, 9, 13, 42, 40, 26.6, 130.0, 0.0, 190.0
2018, 10, 9, 13, 43, 0, 26.6, 130.0, 0.0, 190.0
2018, 10, 9, 13, 43, 20, 26.6, 130.0, 0.0, 190.0
2018, 10, 9, 13, 43, 40, 26.6, 130.0, 0.0, 190.0
2018, 10, 9, 13, 44, 0, 26.6, 130.0, 0.0, 190.0
2018, 10, 11, 6, 14, 20, 4.6, -40.0, 0.0, 190.0
2018, 10, 11, 6, 14, 40, 4.4, -40.0, 0.0, 190.0
2018, 10, 11, 6, 15, 0, 4.3, -40.0, 0.0, 190.0
2018, 10, 11, 6, 15, 20, 4.1, -40.0, 0.0, 190.0
2018, 10, 11, 6, 15, 40, 3.9, -40.0, 0.0, 190.0
2018, 10, 11, 6, 16, 0, 3.7, -40.0, 0.0, 190.0
2018, 10, 11, 6, 16, 20, 3.5, -40.0, 0.0, 190.0
2018, 10, 11, 6, 16, 40, 3.3, -40.0, 0.0, 190.0
2018, 10, 11, 6, 17, 0, 3.2, -40.0, 0.0, 190.0
2018, 10, 11, 6, 17, 20, 3.0, -40.0, 0.0, 190.0
2018, 10, 11, 6, 17, 40, 2.7, -40.0, 0.0, 190.0
2018, 10, 11, 6, 18, 0, 2.6, -40.0, 0.0, 190.0
2018, 10, 11, 6, 18, 20, 2.4, -40.0, 0.0, 190.0
2018, 10, 11, 6, 18, 40, 2.2, -40.0, 0.0, 190.0
2018, 10, 11, 6, 19, 0, 2.1, -40.0, 0.0, 190.0
2018, 10, 11, 6, 19, 20, 1.8, -40.0, 0.0, 190.0
2018, 10, 11, 6, 19, 40, 1.7, -40.0, 0.0, 190.0
2018, 10, 11, 6, 20, 0, 1.5, -40.0, 0.0, 190.0
2018, 10, 11, 6, 20, 20, 1.3, -40.0, 0.0, 190.0
2018, 10, 11, 6, 20, 40, 1.2, -40.0, 0.0, 190.0
2018, 10, 11, 6, 21, 0, 1.0, -40.0, 0.0, 190.0
2018, 10, 11, 6, 21, 20, 0.8, -40.0, 0.0, 190.0
2018, 10, 11, 6, 21, 40, 0.6, -40.0, 0.0, 190.0
2018, 10, 11, 6, 22, 0, 0.5, -40.0, 0.0, 190.0
2018, 10, 11, 6, 22, 20, 0.3, -40.0, 0.0, 190.0
2018, 10, 11, 6, 22, 40, 0.1, -40.0, 0.0, 190.0
2018, 10, 11, 6, 23, 0, 0.1, -40.0, 0.0, 190.0
2018, 10, 11, 6, 23, 20, 0.3, -40.0, 0.0, 190.0
2018, 10, 11, 6, 23, 40, 0.4, -40.0, 0.0, 190.0
2018, 10, 11, 6, 24, 0, 0.6, -40.0, 0.0, 190.0
2018, 10, 11, 6, 24, 20, 0.8, -40.0, 0.0, 190.0
2018, 10, 11, 6, 24, 40, -1.0, -40.0, 0.0, 190.0
2018, 10, 11, 6, 25, 0, -0.9, -40.0, 0.0, 190.0
2018, 10, 11, 6, 25, 20, -0.7, -40.0, 0.0, 190.0
2018, 10, 11, 6, 25, 40, -0.5, -40.0, 0.0, 190.0
2018, 10, 11, 6, 26, 0, -0.30000000000000004, -40.0, 0.0, 190.0
2018, 10, 11, 6, 26, 20, -0.19999999999999996, -40.0, 0.0, 190.0
2018, 10, 11, 6, 26, 40, -2.0, -40.0, 0.0, 190.0
2018, 10, 11, 6, 27, 0, -1.8, -40.0, 0.0, 190.0
2018, 10, 11, 6, 27, 20, -1.7, -40.0, 0.0, 190.0
2018, 10, 11, 6, 27, 40, -1.5, -40.0, 0.0, 190.0
2018, 10, 11, 6, 28, 0, -1.3, -40.0, 0.0, 190.0
2018, 10, 11, 6, 28, 20, -1.1, -40.0, 0.0, 190.0
2018, 10, 11, 6, 28, 40, -3.0, -40.0, 0.0, 190.0
2018, 10, 11, 6, 29, 0, -2.8, -40.0, 0.0, 190.0
2018, 10, 11, 6, 29, 20, -2.6, -40.0, 0.0, 190.0
2018, 10, 11, 6, 29, 40, -2.5, -40.0, 0.0, 190.0
2018, 10, 11, 6, 30, 0, -2.3, -40.0, 0.0, 190.0
2018, 10, 11, 6, 30, 20, -2.1, -40.0, 0.0, 190.0
2018, 10, 11, 6, 30, 40, -4.0, -40.0, 0.0, 190.0
2018, 10, 11, 6, 31, 0, -3.8, -40.0, 0.0, 190.0
2018, 10, 11, 6, 31, 20, -3.6, -40.0, 0.0, 190.0
2018, 10, 11, 6, 31, 40, -3.5, -40.0, 0.0, 190.0
2018, 10, 11, 6, 32, 0, -3.3, -40.0, 0.0, 190.0
2018, 10, 11, 6, 32, 20, -3.1, -40.0, 0.0, 190.0
2018, 10, 11, 6, 32, 40, -5.0, -40.0, 0.0, 190.0
2018, 10, 11, 6, 33, 0, -4.8, -40.0, 0.0, 190.0
2018, 10, 11, 6, 33, 20, -4.7, -40.0, 0.0, 190.0
2018, 10, 11, 6, 33, 40, -4.5, -40.0, 0.0, 190.0
2018, 10, 11, 6, 34, 0, -4.3, -40.0, 0.0, 190.0
2018, 10, 11, 6, 34, 20, -4.1, -40.0, 0.0, 190.0
2018, 10, 11, 6, 34, 40, -5.9, -40.0, 0.0, 190.0
2018, 10, 11, 6, 35, 0, -5.8, -40.0, 0.0, 190.0
2018, 10, 11, 6, 35, 20, -5.7, -40.0, 0.0, 190.0
2018, 10, 11, 6, 35, 40, -5.5, -40.0, 0.0, 190.0
2018, 10, 11, 6, 36, 0, -5.3, -40.0, 0.0, 190.0
2018, 10, 11, 6, 36, 20, -5.2, -40.0, 0.0, 190.0
2018, 10, 11, 6, 36, 40, -7.0, -40.0, 0.0, 190.0
2018, 10, 11, 6, 37, 0, -6.9, -40.0, 0.0, 190.0
2018, 10, 11, 6, 37, 20, -6.7, -40.0, 0.0, 190.0
2018, 10, 11, 6, 37, 40, -6.5, -40.0, 0.0, 190.0
2018, 10, 11, 6, 38, 0, -6.4, -40.0, 0.0, 190.0
2018, 10, 11, 6, 38, 20, -6.2, -40.0, 0.0, 190.0
2018, 10, 11, 6, 38, 40, -8.0, -40.0, 0.0, 190.0
2018, 10, 11, 6, 39, 0, -7.8, -40.0, 0.0, 190.0
2018, 10, 11, 6, 39, 20, -7.7, -40.0, 0.0, 190.0
2018, 10, 11, 6, 39, 40, -7.5, -40.0, 0.0, 190.0
2018, 10, 11, 6, 40, 0, -7.4, -40.0, 0.0, 190.0
2018, 10, 11, 6, 40, 20, -7.2, -40.0, 0.0, 190.0
2018, 10, 11, 6, 40, 40, -7.1, -40.0, 0.0, 190.0
2018, 10, 11, 6, 41, 0, -8.9, -40.0, 0.0, 190.0
2018, 10, 11, 6, 41, 20, -8.8, -40.0, 0.0, 190.0
2018, 10, 11, 6, 41, 40, -8.6, -40.0, 0.0, 190.0
2018, 10, 11, 6, 42, 0, -8.4, -40.0, 0.0, 190.0
2018, 10, 11, 6, 42, 20, -8.3, -40.0, 0.0, 190.0
2018, 10, 11, 6, 42, 40, -8.1, -40.0, 0.0, 190.0
2018, 10, 11, 6, 43, 0, -9.9, -40.0, 0.0, 190.0
2018, 10, 11, 6, 43, 20, -9.8, -40.0, 0.0, 190.0
2018, 10, 11, 6, 43, 40, -9.6, -40.0, 0.0, 190.0
2018, 10, 11, 6, 44, 0, -9.5, -40.0, 0.0, 190.0
2018, 10, 11, 6, 44, 20, -9.4, -40.0, 0.0, 190.0
2018, 10, 11, 6, 44, 40, -9.3, -40.0, 0.0, 190.0
2018, 10, 11, 6, 45, 0, -9.2, -40.0, 0.0, 190.0
2018, 10, 11, 6, 45, 20, -11.0, -40.0, 0.0, 190.0
2018, 10, 11, 6, 45, 40, -10.9, -40.0, 0.0, 190.0
2018, 10, 11, 6, 46, 0, -10.7, -40.0, 0.0, 190.0
2018, 10, 11, 6, 46, 20, -10.6, -40.0, 0.0, 190.0
2018, 10, 11, 6, 46, 40, -10.4, -40.0, 0.0, 190.0
2018, 10, 11, 6, 47, 0, -10.3, -40.0, 0.0, 190.0
2018, 10, 11, 6, 47, 20, -10.1, -40.0, 0.0, 190.0
2018, 10, 11, 6, 47, 40, -11.9, -40.0, 0.0, 190.0
2018, 10, 11, 6, 48, 0, -11.7, -40.0, 0.0, 190.0
2018, 10, 11, 6, 48, 20, -11.6, -40.0, 0.0, 190.0
2018, 10, 11, 6, 48, 40, -11.4, -40.0, 0.0, 190.0
2018, 10, 11, 6, 49, 0, -11.2, -40.0, 0.0, 190.0
2018, 10, 11, 6, 49, 20, -13.0, -40.0, 0.0, 190.0
2018, 10, 11, 6, 49, 40, -12.9, -40.0, 0.0, 190.0
2018, 10, 11, 6, 50, 0, -12.8, -40.0, 0.0, 190.0
2018, 10, 11, 6, 50, 20, -12.6, -40.0, 0.0, 190.0
2018, 10, 11, 6, 50, 40, -12.5, -40.0, 0.0, 190.0
2018, 10, 11, 6, 51, 0, -12.3, -40.0, 0.0, 190.0
2018, 10, 11, 6, 51, 20, -12.2, -40.0, 0.0, 190.0
2018, 10, 11, 6, 51, 40, -14.0, -40.0, 0.0, 190.0
2018, 10, 11, 6, 52, 0, -13.9, -40.0, 0.0, 190.0
2018, 10, 11, 6, 52, 20, -13.7, -40.0, 0.0, 190.0
2018, 10, 11, 6, 52, 40, -13.6, -40.0, 0.0, 190.0
2018, 10, 11, 6, 53, 0, -13.4, -40.0, 0.0, 190.0
2018, 10, 11, 6, 53, 20, -13.2, -40.0, 0.0, 190.0
2018, 10, 11, 6, 53, 40, -13.1, -40.0, 0.0, 190.0
2018, 10, 11, 6, 54, 0, -14.9, -40.0, 0.0, 190.0
2018, 10, 11, 6, 54, 20, -14.7, -40.0, 0.0, 190.0
2018, 10, 11, 6, 54, 40, -14.6, -40.0, 0.0, 190.0
2018, 10, 11, 6, 55, 0, -14.5, -40.0, 0.0, 190.0
2018, 10, 11, 6, 55, 20, -14.3, -40.0, 0.0, 190.0
2018, 10, 11, 6, 55, 40, -14.2, -40.0, 0.0, 190.0
2018, 10, 11, 6, 56, 0, -16.0, -40.0, 0.0, 190.0
2018, 10, 11, 6, 56, 20, -15.9, -40.0, 0.0, 190.0
2018, 10, 11, 6, 56, 40, -15.7, -40.0, 0.0, 190.0
2018, 10, 11, 6, 57, 0, -15.6, -40.0, 0.0, 190.0
2018, 10, 11, 6, 57, 20, -15.4, -40.0, 0.0, 190.0
2018, 10, 11, 6, 57, 40, -15.3, -40.0, 0.0, 190.0
2018, 10, 11, 6, 58, 0, -15.1, -40.0, 0.0, 190.0
2018, 10, 11, 6, 58, 20, -17.0, -40.0, 0.0, 190.0
2018, 10, 11, 6, 58, 40, -16.8, -40.0, 0.0, 190.0
2018, 10, 11, 6, 59, 0, -16.7, -40.0, 0.0, 190.0
2018, 10, 11, 6, 59, 20, -16.5, -40.0, 0.0, 190.0
2018, 10, 11, 6, 59, 40, -16.4, -40.0, 0.0, 190.0
2018, 10, 11, 7, 0, 0, -16.2, -40.0, 0.0, 190.0
2018, 10, 11, 7, 0, 20, -16.1, -40.0, 0.0, 190.0
2018, 10, 11, 7, 0, 40, -17.9, -40.0, 0.0, 190.0
2018, 10, 11, 7, 1, 0, -17.8, -40.0, 0.0, 190.0
2018, 10, 11, 7, 1, 20, -17.6, -40.0, 0.0, 190.0
2018, 10, 11, 7, 1, 40, -17.5, -40.0, 0.0, 190.0
2018, 10, 11, 7, 2, 0, -17.3, -40.0, 0.0, 190.0
2018, 10, 11, 7, 2, 20, -17.2, -40.0, 0.0, 190.0
2018, 10, 11, 7, 2, 40, -17.1, -40.0, 0.0, 190.0
2018, 10, 11, 7, 3, 0, -18.9, -40.0, 0.0, 190.0
2018, 10, 11, 7, 3, 20, -18.8, -40.0, 0.0, 190.0
2018, 10, 11, 7, 3, 40, -18.7, -40.0, 0.0, 190.0
2018, 10, 11, 7, 4, 0, -18.5, -40.0, 0.0, 190.0
2018, 10, 11, 7, 4, 20, -18.4, -40.0, 0.0, 190.0
2018, 10, 11, 7, 4, 40, -18.2, -40.0, 0.0, 190.0
2018, 10, 11, 7, 5, 0, -18.1, -40.0, 0.0, 190.0
2018, 10, 11, 7, 5, 20, -19.9, -40.0, 0.0, 190.0
2018, 10, 11, 7, 5, 40, -19.7, -40.0, 0.0, 190.0
2018, 10, 11, 7, 6, 0, -19.6, -40.0, 0.0, 190.0
2018, 10, 11, 7, 6, 20, -19.5, -40.0, 0.0, 190.0
2018, 10, 11, 7, 6, 40, -19.3, -40.0, 0.0, 190.0
2018, 10, 11, 7, 7, 0, -19.2, -40.0, 0.0, 190.0
2018, 10, 11, 7, 7, 20, -21.0, -40.0, 0.0, 190.0
2018, 10, 11, 7, 7, 40, -20.9, -40.0, 0.0, 190.0
2018, 10, 11, 7, 8, 0, -20.7, -40.0, 0.0, 190.0
2018, 10, 11, 7, 8, 20, -20.6, -40.0, 0.0, 190.0
2018, 10, 11, 7, 8, 40, -20.5, -40.0, 0.0, 190.0
2018, 10, 11, 7, 9, 0, -20.3, -40.0, 0.0, 190.0
2018, 10, 11, 7, 9, 20, -20.2, -40.0, 0.0, 190.0
2018, 10, 11, 7, 9, 40, -22.0, -40.0, 0.0, 190.0
2018, 10, 11, 7, 10, 0, -21.9, -40.0, 0.0, 190.0
2018, 10, 11, 7, 10, 20, -21.7, -40.0, 0.0, 190.0
2018, 10, 11, 7, 10, 40, -21.6, -40.0, 0.0, 190.0
2018, 10, 11, 7, 11, 0, -21.5, -40.0, 0.0, 190.0
2018, 10, 11, 7, 11, 20, -21.4, -40.0, 0.0, 190.0
2018, 10, 11, 7, 11, 40, -21.2, -40.0, 0.0, 190.0
2018, 10, 11, 7, 12, 0, -21.1, -40.0, 0.0, 190.0
2018, 10, 11, 7, 12, 20, -22.9, -40.0, 0.0, 190.0
2018, 10, 11, 7, 12, 40, -22.8, -40.0, 0.0, 190.0
2018, 10, 11, 7, 13, 0, -22.7, -40.0, 0.0, 190.0
2018, 10, 11, 7, 13, 20, -22.5, -40.0, 0.0, 190.0
2018, 10, 11, 7, 13, 40, -22.4, -40.0, 0.0, 190.0
2018, 10, 11, 7, 14, 0, -22.2, -40.0, 0.0, 190.0
2018, 10, 11, 7, 14, 20, -22.1, -40.0, 0.0, 190.0
2018, 10, 11, 7, 14, 40, -24.0, -40.0, 0.0, 190.0
2018, 10, 11, 7, 15, 0, -23.8, -40.0, 0.0, 190.0
2018, 10, 11, 7, 15, 20, -23.7, -40.0, 0.0, 190.0
2018, 10, 11, 7, 15, 40, -23.5, -40.0, 0.0, 190.0
2018, 10, 11, 7, 16, 0, -23.4, -40.0, 0.0, 190.0
2018, 10, 11, 7, 16, 20, -23.2, -40.0, 0.0, 190.0
2018, 10, 11, 7, 16, 40, -23.1, -40.0, 0.0, 190.0
2018, 10, 11, 7, 17, 0, -25.0, -40.0, 0.0, 190.0
2018, 10, 11, 7, 17, 20, -24.8, -40.0, 0.0, 190.0
2018, 10, 11, 7, 17, 40, -24.7, -40.0, 0.0, 190.0
2018, 10, 11, 7, 18, 0, -24.5, -40.0, 0.0, 190.0
2018, 10, 11, 7, 18, 20, -24.4, -40.0, 0.0, 190.0
2018, 10, 11, 7, 18, 40, -24.2, -40.0, 0.0, 190.0
2018, 10, 11, 7, 19, 0, -24.1, -40.0, 0.0, 190.0
2018, 10, 11, 7, 19, 20, -26.0, -40.0, 0.0, 190.0
2018, 10, 11, 7, 19, 40, -25.9, -40.0, 0.0, 190.0
2018, 10, 11, 7, 20, 0, -25.7, -40.0, 0.0, 190.0
2018, 10, 11, 7, 20, 20, -25.6, -40.0, 0.0, 190.0
2018, 10, 11, 7, 20, 40, -25.5, -40.0, 0.0, 190.0
2018, 10, 11, 7, 21, 0, -25.3, -40.0, 0.0, 190.0
2018, 10, 11, 7, 21, 20, -25.2, -40.0, 0.0, 190.0
2018, 10, 11, 7, 21, 40, -27.0, -40.0, 0.0, 190.0
2018, 10, 11, 7, 22, 0, -26.9, -40.0, 0.0, 190.0
2018, 10, 11, 7, 22, 20, -26.8, -40.0, 0.0, 190.0
2018, 10, 11, 7, 22, 40, -26.7, -40.0, 0.0, 190.0
2018, 10, 11, 7, 23, 0, -26.5, -40.0, 0.0, 190.0
2018, 10, 11, 7, 23, 20, -26.4, -40.0, 0.0, 190.0
2018, 10, 11, 7, 23, 40, -26.3, -40.0, 0.0, 190.0
2018, 10, 11, 7, 24, 0, -26.1, -40.0, 0.0, 190.0
2018, 10, 11, 7, 24, 20, -28.0, -40.0, 0.0, 190.0
2018, 10, 11, 7, 24, 40, -27.8, -40.0, 0.0, 190.0
2018, 10, 11, 7, 25, 0, -27.7, -40.0, 0.0, 190.0
2018, 10, 11, 7, 25, 20, -27.5, -40.0, 0.0, 190.0
2018, 10, 11, 7, 25, 40, -27.4, -40.0, 0.0, 190.0
2018, 10, 11, 7, 26, 0, -27.3, -40.0, 0.0, 190.0
2018, 10, 11, 7, 26, 20, -27.1, -40.0, 0.0, 190.0
2018, 10, 11, 7, 26, 40, -29.0, -40.0, 0.0, 190.0
2018, 10, 11, 7, 27, 0, -28.9, -40.0, 0.0, 190.0
2018, 10, 11, 7, 27, 20, -28.7, -40.0, 0.0, 190.0
2018, 10, 11, 7, 27, 40, -28.6, -40.0, 0.0, 190.0
2018, 10, 11, 7, 28, 0, -28.4, -40.0, 0.0, 190.0
2018, 10, 11, 7, 28, 20, -28.3, -40.0, 0.0, 190.0
2018, 10, 11, 7, 28, 40, -28.2, -40.0, 0.0, 190.0
2018, 10, 11, 7, 29, 0, -30.0, -40.0, 0.0, 190.0
2018, 10, 11, 7, 29, 20, -29.9, -40.0, 0.0, 190.0
2018, 10, 11, 7, 29, 40, -29.7, -40.0, 0.0, 190.0
2018, 10, 11, 7, 30, 0, -29.6, -40.0, 0.0, 190.0
2018, 10, 11, 7, 30, 20, -29.5, -40.0, 0.0, 190.0
2018, 10, 11, 7, 30, 40, -29.4, -40.0, 0.0, 190.0
2018, 10, 11, 7, 31, 0, -29.2, -40.0, 0.0, 190.0
2018, 10, 11, 7, 31, 20, -31.0, -40.0, 0.0, 190.0
2018, 10, 11, 7, 31, 40, -30.9, -40.0, 0.0, 190.0
2018, 10, 11, 7, 32, 0, -30.8, -40.0, 0.0, 190.0
2018, 10, 11, 7, 32, 20, -30.6, -40.0, 0.0, 190.0
2018, 10, 11, 7, 32, 40, -30.5, -40.0, 0.0, 190.0
2018, 10, 11, 7, 33, 0, -30.4, -40.0, 0.0, 190.0
2018, 10, 11, 7, 33, 20, -30.2, -40.0, 0.0, 190.0
2018, 10, 11, 7, 33, 40, -30.1, -40.0, 0.0, 190.0
2018, 10, 11, 7, 34, 0, -31.9, -40.0, 0.0, 190.0
2018, 10, 11, 7, 34, 20, -31.8, -40.0, 0.0, 190.0
2018, 10, 11, 7, 34, 40, -31.7, -40.0, 0.0, 190.0
2018, 10, 11, 7, 35, 0, -31.5, -40.0, 0.0, 190.0
2018, 10, 11, 7, 35, 20, -31.4, -40.0, 0.0, 190.0
2018, 10, 11, 7, 35, 40, -31.3, -40.0, 0.0, 190.0
2018, 10, 11, 7, 36, 0, -31.1, -40.0, 0.0, 190.0
2018, 10, 11, 7, 36, 20, -33.0, -40.0, 0.0, 190.0
2018, 10, 11, 7, 36, 40, -32.9, -40.0, 0.0, 190.0
2018, 10, 11, 7, 37, 0, -32.8, -40.0, 0.0, 190.0
2018, 10, 11, 7, 37, 20, -32.6, -40.0, 0.0, 190.0
2018, 10, 11, 7, 37, 40, -32.5, -40.0, 0.0, 190.0
2018, 10, 11, 7, 38, 0, -32.4, -40.0, 0.0, 190.0
2018, 10, 11, 7, 38, 20, -32.2, -40.0, 0.0, 190.0
2018, 10, 11, 7, 38, 40, -32.1, -40.0, 0.0, 190.0
2018, 10, 11, 7, 39, 0, -34.0, -40.0, 0.0, 190.0
2018, 10, 11, 7, 39, 20, -33.9, -40.0, 0.0, 190.0
2018, 10, 11, 7, 39, 40, -33.7, -40.0, 0.0, 190.0
2018, 10, 11, 7, 40, 0, -33.6, -40.0, 0.0, 190.0
2018, 10, 11, 7, 40, 20, -33.4, -40.0, 0.0, 190.0
2018, 10, 11, 7, 40, 40, -33.3, -40.0, 0.0, 190.0
2018, 10, 11, 7, 41, 0, -33.2, -40.0, 0.0, 190.0
2018, 10, 11, 7, 41, 20, -35.0, -40.0, 0.0, 190.0
2018, 10, 11, 7, 41, 40, -34.9, -40.0, 0.0, 190.0
2018, 10, 11, 7, 42, 0, -34.7, -40.0, 0.0, 190.0
2018, 10, 11, 7, 42, 20, -34.6, -40.0, 0.0, 190.0
2018, 10, 11, 7, 42, 40, -34.5, -40.0, 0.0, 190.0
2018, 10, 11, 7, 43, 0, -34.4, -40.0, 0.0, 190.0
2018, 10, 11, 7, 43, 20, -34.3, -40.0, 0.0, 190.0
2018, 10, 11, 7, 43, 40, -34.1, -40.0, 0.0, 190.0
2018, 10, 11, 7, 44, 0, -36.0, -40.0, 0.0, 190.0
2018, 10, 11, 7, 44, 20, -35.9, -40.0, 0.0, 190.0
2018, 10, 11, 7, 44, 40, -35.7, -40.0, 0.0, 190.0
2018, 10, 11, 7, 45, 0, -35.6, -40.0, 0.0, 190.0
2018, 10, 11, 7, 45, 20, -35.5, -40.0, 0.0, 190.0
2018, 10, 11, 7, 45, 40, -35.3, -40.0, 0.0, 190.0
2018, 10, 11, 7, 46, 0, -35.2, -40.0, 0.0, 190.0
2018, 10, 11, 7, 46, 20, -35.1, -40.0, 0.0, 190.0
2018, 10, 11, 7, 46, 40, -36.9, -40.0, 0.0, 190.0
2018, 10, 11, 7, 47, 0, -36.8, -40.0, 0.0, 190.0
2018, 10, 11, 7, 47, 20, -36.7, -40.0, 0.0, 190.0
2018, 10, 11, 7, 47, 40, -36.5, -40.0, 0.0, 190.0
2018, 10, 11, 7, 48, 0, -36.4, -40.0, 0.0, 190.0
2018, 10, 11, 7, 48, 20, -36.3, -40.0, 0.0, 190.0
2018, 10, 11, 7, 48, 40, -36.2, -40.0, 0.0, 190.0
2018, 10, 11, 7, 49, 0, -36.1, -40.0, 0.0, 190.0
2018, 10, 11, 7, 49, 20, -37.9, -40.0, 0.0, 190.0
2018, 10, 11, 7, 49, 40, -37.8, -40.0, 0.0, 190.0
2018, 10, 11, 7, 50, 0, -37.7, -40.0, 0.0, 190.0
2018, 10, 11, 7, 50, 20, -37.6, -40.0, 0.0, 190.0
2018, 10, 11, 7, 50, 40, -37.5, -40.0, 0.0, 190.0
2018, 10, 11, 7, 51, 0, -37.3, -40.0, 0.0, 190.0
2018, 10, 11, 7, 51, 20, -37.2, -40.0, 0.0, 190.0
2018, 10, 11, 7, 51, 40, -37.1, -40.0, 0.0, 190.0
2018, 10, 11, 7, 52, 0, -39.0, -40.0, 0.0, 190.0
2018, 10, 11, 7, 52, 20, -38.9, -40.0, 0.0, 190.0
2018, 10, 11, 7, 52, 40, -38.7, -40.0, 0.0, 190.0
2018, 10, 11, 7, 53, 0, -38.6, -40.0, 0.0, 190.0
2018, 10, 11, 7, 53, 20, -38.5, -40.0, 0.0, 190.0
2018, 10, 11, 7, 53, 40, -38.4, -40.0, 0.0, 190.0
2018, 10, 11, 7, 54, 0, -38.3, -40.0, 0.0, 190.0
2018, 10, 11, 7, 54, 20, -38.2, -40.0, 0.0, 190.0
2018, 10, 11, 8, 0, 20, -40.0, -40.0, 0.0, 190.0
2018, 10, 11, 8, 0, 40, -40.0, -40.0, 0.0, 190.0
